1,6.2,8.1,0.2,0.9,high
2,6.1,8.1,0.2,0.9,low
3,6.1,8.1,0.2,0.9,low
4,6.1,8.1,0.2,0.9,low
5,5.6,8.1,0.4,0.9,low
6,5.6,8.1,0.4,0.9,low
7,7.2,8.8,0.4,0.8,low
8,7.2,8.8,0.4,0.8,low
9,5.9,8.1,3.1,0.9,low
10,5.9,8.1,3.1,0.9,low
11,5.9,8.1,3.1,0.9,high
12,5.9,8.1,3.1,0.9,high
13,7.2,8.8,0.1,0.8,low
14,7.2,8.8,0.1,0.8,high
15,7.2,8.8,0.1,0.8,low
16,7.2,8.8,0.1,0.8,low
17,7.2,8.8,0.1,0.8,high
18,7.2,8.8,0.1,0.8,low
19,7.2,8.8,0.1,0.8,low
20,7.2,8.8,0.1,0.8,high
21,7.7,7.1,0.5,0.9,low
22,7.7,7.1,0.5,0.9,high
23,7.7,7.1,0.5,0.9,low
24,7.7,7.1,0.5,0.9,low
25,7.7,7.1,0.5,0.9,low
26,5.4,8.8,0.9,0.8,low
27,5.4,8.8,0.9,0.8,low
28,5.1,8.8,0.5,0.8,low
29,5.1,8.8,0.5,0.8,low
30,5.1,8.8,0.5,0.8,high
31,5.1,8.8,0.5,0.8,high
32,5.1,8.8,0.5,0.8,low
33,5.1,8.8,0.5,0.8,high
34,5.1,8.8,0.5,0.8,low
35,5.1,8.8,0.5,0.8,low
36,5.4,8.8,0.2,0.8,low
37,5.4,8.8,0.2,0.8,low
38,6.2,8.1,0.6,0.9,high
39,6.2,8.1,0.6,0.9,high
40,6.2,8.1,0.6,0.9,high
41,6.2,8.1,0.6,0.9,high
42,6.2,8.1,0.6,0.9,low
43,6.2,8.1,0.6,0.9,low
44,6.2,8.1,0.6,0.9,low
45,6.2,8.1,0.6,0.9,low
46,7.2,7.1,0.1,0.9,high
47,7.2,7.1,0.1,0.9,low
48,7.2,7.1,0.1,0.9,low
49,7.1,7.1,0.1,0.9,low
